vektor_1=[10 20 30 40]
vektor_2=[-5; 
-15; 
-40]
matriks=[1 3 5 0; 
3 1 3 5; 
5 3 1 3; 
0 5 3 1]

vektor_1 =

    10    20    30    40


vektor_2 =

    -5
   -15
   -40


matriks =

     1     3     5     0
     3     1     3     5
     5     3     1     3
     0     5     3     1
