A=25, B=50, C=125, D=89
X = A+B+C, Y = A/(D+B)
Z = D^(A/B) + C

A =

    25


B =

    50


C =

   125


D =

    89


X =

   200


Y =

    0.1799


Z =

  134.4340
