12/3.5, (3+5/4)^2

(.25^2 + .75^2)^(1/2), 2/(6/.3)

ans =

    3.4286


ans =

   18.0625


ans =

    0.7906


ans =

    0.1000

