% -------------------------------------------------------------------
%  Generated by MATLAB on 25-Aug-2021 22:44:11
%  MATLAB version: 9.8.0.1323502 (R2020a)
% -------------------------------------------------------------------
                                    

A = ...
  [1 2 -3;
   4 5 6;
   7 8 9];

M = ...
  [10 20;
   5 8];

N = ...
  [-1 1;
   1 1];

akhir = 121;

ans = ...
  [-5 -74.203210577788752 74.209948524787848 -0.99990920426259511;
   -4.9 -67.1411665509323 67.148613134003227 -0.99988910295055444;
   -4.8 -60.75109388584292 60.759323632891935 -0.9998645517007605;
   -4.7 -54.969038587510909 54.9781338646126 -0.99983456555429662;
   -4.6 -49.737131903094571 49.747183738839205 -0.99979794161218449;
   -4.5 -45.003011151991785 45.014120148530026 -0.99975321084802748;
   -4.4 -40.719295662532538 40.7315730024356 -0.99969857928388051;
   -4.3 -36.843112570291794 36.856681129303993 -0.99963185619007311;
   -4.2 -33.335667732052336 33.350663308872818 -0.99955036645953343;
   -4.1 -30.161857460980094 30.178430136381856 -0.99945084368779735;
   -4 -27.28991719712775 27.308232836016487 -0.999329299739067;
   -3.9 -24.691103597042183 24.711345508487984 -0.999180865670028;
   -3.8 -22.339406860722324 22.361777632578491 -0.99899959778584091;
   -3.7 -20.21129041679853 20.236013943268869 -0.99877824128113124;
   -3.5999999999999996 -18.285455360615341 18.312779083062633 -0.99850794233232665 ...
   ;
   -3.5 -16.542627287634996 16.572824671057315 -0.99817789761119868;
   -3.4 -14.965363388718343 14.998736658678668 -0.99777492793427935;
   -3.3 -13.537877876628322 13.574761044029561 -0.99728296009914208;
   -3.2 -12.245883996565492 12.28664620054386 -0.99668239783965118;
   -3.0999999999999996 -11.076451039524034 11.121500241917591 -0.9959493592219002 ...
   ;
   -3 -10.017874927409903 10.067661995777765 -0.99505475368673046;
   -2.9 -9.0595610746933257 9.1145842947497346 -0.9939631673505831;
   -2.8 -8.1919183542359146 8.2527284168611335 -0.992631520201128;
   -2.6999999999999997 -7.40626310606654 7.47346861880629 -0.9910074536781176 ...
   ;
   -2.5999999999999996 -6.6947322283936765 6.76900580660801 -0.98902740220109919 ...
   ;
   -2.5 -6.0502044810397875 6.1322894796636858 -0.98661429815143031;
   -2.4 -5.4662292136760939 5.5569471669655073 -0.98367485769368024;
   -2.3 -4.9369618055459572 5.037220649268761 -0.98009639626619138;
   -2.1999999999999997 -4.4571051705358924 4.5679083288982261 -0.97574313003145152 ...
   ;
   -2.0999999999999996 -4.0218567421573326 4.1443131704103138 -0.97045193661345386 ...
   ;
   -2 -3.626860407847019 3.7621956910836314 -0.9640275800758169;
   -1.9 -3.2681629115283166 3.4177315307509519 -0.95623745812773908;
   -1.7999999999999998 -2.9421742880956789 3.1074731763172658 -0.94680601284626831 ...
   ;
   -1.6999999999999997 -2.6456319338372318 2.8283154578899663 -0.935409070603099 ...
   ;
   -1.5999999999999996 -2.3755679532002287 2.5774644711948844 -0.92166855440647122 ...
   ;
   -1.5 -2.1292794550948173 2.3524096152432472 -0.9051482536448664;
   -1.4 -1.9043015014515339 2.1508984653931407 -0.88535164820226253;
   -1.2999999999999998 -1.6983824372926155 1.970914230326628 -0.86172315931330634 ...
   ;
   -1.1999999999999997 -1.5094613554121721 1.8106555673243743 -0.83365460701215521 ...
   ;
   -1.0999999999999996 -1.3356474701241763 1.6685185538222558 -0.80049902176062959 ...
   ;
   -1 -1.1752011936438014 1.5430806348152439 -0.76159415595576485;
   -0.89999999999999947 -1.0265167257081744 1.4330863854487739 -0.71629787019902424 ...
   ;
   -0.79999999999999982 -0.88810598218762282 1.3374349463048445 -0.66403677026784891 ...
   ;
   -0.70000000000000018 -0.75858370183953383 1.2551690056309432 -0.60436777711716361 ...
   ;
   -0.59999999999999964 -0.63665358214824086 1.1854652182422674 -0.53704956699803508 ...
   ;
   -0.5 -0.52109530549374738 1.1276259652063807 -0.46211715726000974;
   -0.39999999999999947 -0.41075232580281495 1.0810723718384545 -0.3799489622552244 ...
   ;
   -0.29999999999999982 -0.30452029344714243 1.0453385141288605 -0.29131261245159079 ...
   ;
   -0.19999999999999929 -0.20133600254109327 1.0200667556190757 -0.19737532022490334 ...
   ;
   -0.099999999999999645 -0.10016675001984367 1.0050041680558035 -0.099667994624955472 ...
   ;
   0 0 1 0;
   0.099999999999999645 0.10016675001984367 1.0050041680558035 0.099667994624955472 ...
   ;
   0.19999999999999929 0.20133600254109327 1.0200667556190757 0.19737532022490334 ...
   ;
   0.29999999999999982 0.30452029344714243 1.0453385141288605 0.29131261245159079 ...
   ;
   0.39999999999999947 0.41075232580281495 1.0810723718384545 0.3799489622552244 ...
   ;
   0.5 0.52109530549374738 1.1276259652063807 0.46211715726000974;
   0.59999999999999964 0.63665358214824086 1.1854652182422674 0.53704956699803508 ...
   ;
   0.70000000000000018 0.75858370183953383 1.2551690056309432 0.60436777711716361 ...
   ;
   0.79999999999999982 0.88810598218762282 1.3374349463048445 0.66403677026784891 ...
   ;
   0.89999999999999947 1.0265167257081744 1.4330863854487739 0.71629787019902424 ...
   ;
   1 1.1752011936438014 1.5430806348152439 0.76159415595576485;
   1.0999999999999996 1.3356474701241763 1.6685185538222558 0.80049902176062959 ...
   ;
   1.1999999999999997 1.5094613554121721 1.8106555673243743 0.83365460701215521 ...
   ;
   1.2999999999999998 1.6983824372926155 1.970914230326628 0.86172315931330634 ...
   ;
   1.4 1.9043015014515339 2.1508984653931407 0.88535164820226253;
   1.5 2.1292794550948173 2.3524096152432472 0.9051482536448664;
   1.5999999999999996 2.3755679532002287 2.5774644711948844 0.92166855440647122 ...
   ;
   1.6999999999999997 2.6456319338372318 2.8283154578899663 0.935409070603099 ...
   ;
   1.7999999999999998 2.9421742880956789 3.1074731763172658 0.94680601284626831 ...
   ;
   1.9 3.2681629115283166 3.4177315307509519 0.95623745812773908;
   2 3.626860407847019 3.7621956910836314 0.9640275800758169;
   2.0999999999999996 4.0218567421573326 4.1443131704103138 0.97045193661345386 ...
   ;
   2.1999999999999997 4.4571051705358924 4.5679083288982261 0.97574313003145152 ...
   ;
   2.3 4.9369618055459572 5.037220649268761 0.98009639626619138;
   2.4 5.4662292136760939 5.5569471669655073 0.98367485769368024;
   2.5 6.0502044810397875 6.1322894796636858 0.98661429815143031;
   2.5999999999999996 6.6947322283936765 6.76900580660801 0.98902740220109919 ...
   ;
   2.6999999999999997 7.40626310606654 7.47346861880629 0.9910074536781176 ...
   ;
   2.8 8.1919183542359146 8.2527284168611335 0.992631520201128;
   2.9 9.0595610746933257 9.1145842947497346 0.9939631673505831;
   3 10.017874927409903 10.067661995777765 0.99505475368673046;
   3.0999999999999996 11.076451039524034 11.121500241917591 0.9959493592219002 ...
   ;
   3.2 12.245883996565492 12.28664620054386 0.99668239783965118;
   3.3 13.537877876628322 13.574761044029561 0.99728296009914208;
   3.4 14.965363388718343 14.998736658678668 0.99777492793427935;
   3.5 16.542627287634996 16.572824671057315 0.99817789761119868;
   3.5999999999999996 18.285455360615341 18.312779083062633 0.99850794233232665 ...
   ;
   3.7 20.21129041679853 20.236013943268869 0.99877824128113124;
   3.8 22.339406860722324 22.361777632578491 0.99899959778584091;
   3.9 24.691103597042183 24.711345508487984 0.999180865670028;
   4 27.28991719712775 27.308232836016487 0.999329299739067;
   4.1 30.161857460980094 30.178430136381856 0.99945084368779735;
   4.2 33.335667732052336 33.350663308872818 0.99955036645953343;
   4.3 36.843112570291794 36.856681129303993 0.99963185619007311;
   4.4 40.719295662532538 40.7315730024356 0.99969857928388051;
   4.5 45.003011151991785 45.014120148530026 0.99975321084802748;
   4.6 49.737131903094571 49.747183738839205 0.99979794161218449;
   4.7 54.969038587510909 54.9781338646126 0.99983456555429662;
