A=[4 8;2 4], B=[1 1;1 -1] 
C=[A B] 
W=[B B;B -B] 

A =

     4     8
     2     4


B =

     1     1
     1    -1


C =

     4     8     1     1
     2     4     1    -1


W =

     1     1     1     1
     1    -1     1    -1
     1     1    -1    -1
     1    -1    -1     1
