M=[10 20; 5 8]; N=[-1 1;1 -1];
M+N, M-N, N+9
M*N, N*M

ans =

     9    21
     6     7


ans =

    11    19
     4     9


ans =

     8    10
    10     8


ans =

    10   -10
     3    -3


ans =

    -5   -12
     5    12
