x=pi/6; y=.001; 
sqrt(y), exp(-x), sin(x)
cos(2*x), tan(3*x)
log10(y), log2(y), log(y)

ans =

    0.0316


ans =

    0.5924


ans =

    0.5000


ans =

    0.5000


ans =

   1.6331e+16


ans =

    -3


ans =

   -9.9658


ans =

   -6.9078
