>> A=[4 8;2 4], B=[1 1;1 –1] 
A = 
 4 8 
 2 4 
B = 
 1 1 
 1 -1 
>> C=[A B] 
C = 
 4 8 1 1 
 2 4 1 -1 
>> W=[B B;B –B] 
W = 
 1 1 1 1 
 1 -1 1 -1 
 1 1 -1 -1 
 1 -1 -1 1