 5.*eye(4) 
  [5.*ones(2), zeros(2); 
-5.*eye(2), 5.*(ones(2)-eye(2))]

ans =

     5     0     0     0
     0     5     0     0
     0     0     5     0
     0     0     0     5


ans =

     5     5     0     0
     5     5     0     0
    -5     0     0     5
     0    -5     5     0
